0.000000 0.000000 0.000000
0.010000 0.000000 0.004266
0.020000 0.000001 0.016177
0.030000 0.000004 0.034506
0.040000 0.000012 0.058154
0.050000 0.000028 0.086138
0.060000 0.000054 0.117588
0.070000 0.000094 0.151730
0.080000 0.000151 0.187882
0.090000 0.000226 0.225447
0.100000 0.000324 0.263901
0.110000 0.000445 0.302791
0.120000 0.000592 0.341725
0.130000 0.000765 0.380369
0.140000 0.000966 0.418440
0.150000 0.001193 0.455700
0.160000 0.001448 0.491954
0.170000 0.001731 0.527041
0.180000 0.002039 0.560837
0.190000 0.002372 0.593244
0.200000 0.002728 0.624191
0.210000 0.003106 0.653629
0.220000 0.003504 0.681531
0.230000 0.003920 0.707884
0.240000 0.004352 0.732694
0.250000 0.004798 0.755975
0.260000 0.005255 0.777755
0.270000 0.005721 0.798071
0.280000 0.006193 0.816965
0.290000 0.006671 0.834487
0.300000 0.007150 0.850692
0.310000 0.007630 0.865637
0.320000 0.008108 0.879382
0.330000 0.008582 0.891990
0.340000 0.009050 0.903523
0.350000 0.009511 0.914046
0.360000 0.009963 0.923619
0.370000 0.010404 0.932306
0.380000 0.010833 0.940166
0.390000 0.011248 0.947259
0.400000 0.011649 0.953643
0.410000 0.012034 0.959370
0.420000 0.012403 0.964496
0.430000 0.012753 0.969068
0.440000 0.013085 0.973136
0.450000 0.013398 0.976743
0.460000 0.013691 0.979932
0.470000 0.013962 0.982742
0.480000 0.014213 0.985211
0.490000 0.014442 0.987372
0.500000 0.014648 0.989258
0.510000 0.014832 0.990897
0.520000 0.014993 0.992317
0.530000 0.015131 0.993543
0.540000 0.015245 0.994596
0.550000 0.015335 0.995498
0.560000 0.015402 0.996267
0.570000 0.015444 0.996919
0.580000 0.015463 0.997470
0.590000 0.015457 0.997934
0.600000 0.015428 0.998322
0.610000 0.015374 0.998645
0.620000 0.015297 0.998913
0.630000 0.015197 0.999133
0.640000 0.015073 0.999313
0.650000 0.014926 0.999460
0.660000 0.014757 0.999579
0.670000 0.014566 0.999674
0.680000 0.014352 0.999749
0.690000 0.014118 0.999809
0.700000 0.013862 0.999856
0.710000 0.013586 0.999893
0.720000 0.013290 0.999921
0.730000 0.012973 0.999942
0.740000 0.012637 0.999958
0.750000 0.012282 0.999970
0.760000 0.011908 0.999979
0.770000 0.011515 0.999986
0.780000 0.011104 0.999990
0.790000 0.010673 0.999994
0.800000 0.010224 0.999996
0.810000 0.009755 0.999997
0.820000 0.009268 0.999998
0.830000 0.008762 0.999999
0.839999 0.008238 0.999999
0.849999 0.007694 1.000000
0.859999 0.007133 1.000000
0.869999 0.006554 1.000000
0.879999 0.005960 1.000000
0.889999 0.005352 1.000000
0.899999 0.004734 1.000000
0.909999 0.004109 1.000000
0.919999 0.003484 1.000000
0.929999 0.002867 1.000000
0.939999 0.002266 1.000000
0.949999 0.001695 1.000000
0.959999 0.001170 1.000000
0.969999 0.000711 1.000000
0.979999 0.000341 1.000000
0.989999 0.000092 1.000000
0.999999 0.000000 1.000000
